       1        2
 1.00375  2.01991
 1.00992  2.03966
 1.01843  2.05917
 1.02914  2.07838
 1.04188  2.09719
 1.05645  2.11554
 1.07262  2.13336
 1.09014  2.15057
 1.10872  2.16711
 1.12808  2.18291
 1.14791  2.19791
 1.16789  2.21205
 1.18772  2.22528
 1.20708  2.23753
 1.22566  2.24877
 1.24318  2.25895
 1.25935  2.26803
 1.27392  2.27597
 1.28666  2.28274
 1.29737  2.28832
 1.30588  2.29268
 1.31205  2.29581
  1.3158  2.29769
 1.31705  2.29832
  1.3158  2.29769
 1.31205  2.29581
 1.30588  2.29268
 1.29737  2.28832
 1.28666  2.28274
 1.27392  2.27597
 1.25935  2.26803
 1.24318  2.25895
 1.22566  2.24877
 1.20708  2.23753
 1.18772  2.22528
 1.16789  2.21205
 1.14791  2.19791
 1.12808  2.18291
 1.10872  2.16711
 1.09014  2.15057
 1.07262  2.13336
 1.05645  2.11554
 1.04188  2.09719
 1.02914  2.07838
 1.01843  2.05917
 1.00992  2.03966
 1.00375  2.01991
       1        2
0.998745  1.98001
       1  1.96003
          0           1
 0.00374516     1.01991
 0.00992144     1.03966
  0.0184314     1.05917
  0.0291409     1.07838
   0.041881     1.09719
  0.0564508     1.11554
  0.0726205     1.13336
  0.0901351     1.15057
   0.108718     1.16711
   0.128077     1.18291
   0.147907     1.19791
   0.167893     1.21205
   0.187723     1.22528
   0.207082     1.23753
   0.225665     1.24877
   0.243179     1.25895
   0.259349     1.26803
   0.273919     1.27597
   0.286659     1.28274
   0.297369     1.28832
   0.305879     1.29268
   0.312055     1.29581
     0.3158     1.29769
   0.317055     1.29832
     0.3158     1.29769
   0.312055     1.29581
   0.305879     1.29268
   0.297369     1.28832
   0.286659     1.28274
   0.273919     1.27597
   0.259349     1.26803
   0.243179     1.25895
   0.225665     1.24877
   0.207082     1.23753
   0.187723     1.22528
   0.167893     1.21205
   0.147907     1.19791
   0.128077     1.18291
   0.108718     1.16711
  0.0901351     1.15057
  0.0726205     1.13336
  0.0564508     1.11554
   0.041881     1.09719
  0.0291409     1.07838
  0.0184314     1.05917
 0.00992144     1.03966
 0.00374516     1.01991
1.21431e-17           1
-0.00125498    0.980013
2.60209e-18    0.960026
